CACHE type 5 produced by analog 6.0/Unix. Do not modify or delete!
T	0	0	1251	16	275	98	12878050
D	28314459	28321609
19662	235	8	0	87567
19662	236	8	0	110908
19662	242	2	0	128
19662	247	12	0	156001
19662	280	2	0	128
19663	25	2	0	128
19663	61	2	0	128
19663	75	1	0	4918
19663	98	2	0	128
19663	134	2	0	128
19663	144	6	0	1169
19663	155	6	0	1168
19663	163	7	0	24066
19663	164	4	0	89246
19663	166	8	0	86400
19663	167	40	0	924350
19663	168	23	0	590846
19663	169	12	0	319286
19663	170	32	0	152946
19663	171	2	1	15876
19663	172	2	0	14281
19663	177	1	0	12055
19663	190	1	0	2463
19663	194	1	1	0
19663	199	1	0	24
19663	200	2	0	48
19663	201	2	0	48
19663	202	1	0	24
19663	205	2	0	128
19663	210	22	0	59582
19663	211	23	0	167227
19663	213	5	0	13944
19663	214	7	0	299364
19663	242	2	0	128
19663	262	8	0	231571
19663	271	11	0	262209
19663	277	2	0	128
19664	25	2	0	128
19664	61	2	0	128
19664	90	27	0	271515
19664	94	24	0	113878
19664	98	2	0	128
19664	100	3	0	26949
19664	104	20	3	54716
19664	107	2	0	17278
19664	110	25	2	213269
19664	112	11	0	58190
19664	113	4	0	12302
19664	114	6	0	14497
19664	115	11	0	50224
19664	116	18	0	105453
19664	117	36	1	289611
19664	118	8	0	76851
19664	120	1	1	8099
19664	121	15	0	332335
19664	122	17	1	135470
19664	123	28	1	215464
19664	124	3	0	52613
19664	126	6	0	85417
19664	133	2	0	128
19664	156	22	0	271476
19664	157	26	1	146476
19664	159	4	0	27365
19664	160	1	0	8303
19664	162	7	0	52212
19664	163	15	0	228616
19664	164	2	0	36184
19664	165	15	0	131254
19664	166	10	0	70697
19664	167	2	1	10943
19664	168	7	1	86643
19664	170	2	0	128
19664	181	18	0	20522
19664	183	2	0	9633
19664	184	33	0	688372
19664	185	7	0	57638
19664	187	10	0	70833
19664	188	12	0	127969
19664	189	6	0	49194
19664	190	9	0	52261
19664	192	5	0	42104
19664	193	22	0	119969
19664	194	14	0	248831
19664	195	7	0	101698
19664	196	35	0	644978
19664	197	13	0	151028
19664	201	21	0	119879
19664	206	2	0	128
19664	207	3	0	179988
19664	208	1	0	59996
19664	214	13	0	0
19664	215	25	1	157872
19664	224	1	0	24
19664	243	2	0	128
19664	245	1	0	24
19664	263	30	1	114365
19664	264	1	0	8268
19664	278	2	0	128
19665	3	13	0	0
19665	26	2	0	128
19665	61	2	0	128
19665	83	13	0	0
19665	99	2	0	128
19665	107	10	0	81598
19665	118	6	0	1312
19665	119	37	0	116262
19665	120	1	0	2599
19665	134	2	0	128
19665	155	6	0	1311
19665	156	9	0	8217
19665	166	4	0	21315
19665	167	34	0	1016909
19665	168	11	0	197107
19665	169	4	0	184276
19665	170	2	0	92138
19665	174	2	0	128
19665	179	17	0	31429
19665	181	4	0	91591
19665	182	6	0	172530
19665	186	5	0	146971
19665	210	2	0	128
19665	248	2	0	128
19665	281	2	0	128
19666	26	2	0	128
19666	29	2	0	1555
19666	61	2	0	128
19666	99	2	0	128
19666	135	2	0	128
19666	172	2	0	128
19666	191	2	0	1658
19666	207	2	0	128
19666	245	2	0	128
19666	279	2	0	128
19666	283	25	0	296732
19667	13	1	0	24
19667	25	2	0	128
19667	60	1	0	1532
19667	61	2	0	128
19667	89	1	0	5228
19667	98	2	0	128
19667	134	2	0	128
19667	168	20	0	125552
19667	170	3	0	29381
19667	177	17	0	388626
19667	206	2	0	128
1	32	0	0	0	28321320	0	0	28315559	0	0	12038	/js/demo.min.js
1	1	0	0	0	28316288	0	0	28316288	0	0	64	/.well-known/acme-challenge/EPZPCY3BO25BY1CPBODKCG471PK9TEB3
1	0	0	3	0	0	28317084	0	0	28316988	0	0	/admin/lock-user/1
1	1	0	0	0	28320437	0	0	28320437	0	0	64	/.well-known/acme-challenge/66I2YNBMKU5TU5HS-BUHUVAKPNZG--G5
1	1	0	0	0	28316288	0	0	28316288	0	0	64	/.well-known/acme-challenge/-7HDC11AWHNCYJL_6RWAH5CY0T978Y8Q
1	13	0	0	0	28315569	0	0	28314460	0	0	293944	/phpinfo.php
1	42	0	0	0	28321320	0	0	28314459	0	0	20162	/css/tabler-payments.min.css
1	16	0	0	0	28318511	0	0	28317130	0	0	834593	/receipt/download/FKT3559D2112023RD859?UID=17&zarsrc=1303&utm_source=zalo&utm_medium=zalo&utm_campaign=zalo
1	1	0	0	0	28318650	0	0	28318650	0	0	64	/.well-known/acme-challenge/D4POV8M3N1D_EGQ7NCU7XA8JIJ9_3BP-
1	1	0	0	0	28319718	0	0	28319718	0	0	64	/.well-known/acme-challenge/KPA5-AUIGC6LQHF_JEQVP-ZQXD4FRMEX
1	1	0	0	0	28317908	0	0	28317908	0	0	64	/.well-known/acme-challenge/E7DSTR9ZH5SQMVQ71-TYE0E8IQ62IFBN
1	0	0	1	1	0	28317735	28317735	0	28317735	28317735	0	/license.txt
1	1	0	0	0	28316747	0	0	28316747	0	0	8600	/receipt/adjust/FKT10472D2112023RD507
1	0	0	0	1	0	0	28316957	0	0	28316957	0	/admin/a
1	1	0	0	0	28315774	0	0	28315774	0	0	2466	/receipt/FKT0357D30102023RD714
1	1	0	0	0	28317236	0	0	28317236	0	0	8755	/receipt/adjust/FKT135610D2112023RD711
1	1	0	0	0	28319718	0	0	28319718	0	0	64	/.well-known/acme-challenge/QV3UJSCRGRZPT-Y82F6B8RC3X5W4ZZBC
1	1	0	0	0	28317553	0	0	28317553	0	0	64	/.well-known/acme-challenge/JNI6DDQRI22U5TC0711PP44CH-FT7_ZI
1	1	0	0	0	28317236	0	0	28317236	0	0	60054	/receipt/download/FKT135610D2112023RD711?UID=17
1	5	0	0	0	28318440	0	0	28318200	0	0	12995	/receipt/FKT37572D3112023RD459
1	1	0	0	0	28314680	0	0	28314680	0	0	64	/.well-known/acme-challenge/29-DE6JT-NZ-T6EM3O4C1-TTQPW3XHZO
1	1	0	0	0	28318843	0	0	28318843	0	0	64	/.well-known/acme-challenge/ULCU5G4GO7IZLG83H7QMR70_OUQQ0CU3
1	1	0	0	5	28316984	0	28316979	28316984	0	28316979	38	/receipt/lookup/FKT35472D2112023RD513?uid=1
1	1	0	0	0	28315572	0	0	28315572	0	0	64	/.well-known/acme-challenge/T879ZIVGC8BCGNHAYH_1XOB-O4MC1B6U
1	1	0	0	0	28318843	0	0	28318843	0	0	64	/.well-known/acme-challenge/DKM7AD85K_-5YZN071_F0FH5RVC4BSUS?52.167.144.57
1	1	0	0	0	28317133	0	0	28317133	0	0	38	/receipt/download/FKT2589D2112023RD199
1	1	0	0	0	28320269	0	0	28320269	0	0	64	/.well-known/acme-challenge/2A00E_07IUXWD_G0AHU4LZPZNCU9X3DX
1	1	0	0	0	28316778	0	0	28316778	0	0	8649	/receipt/adjust/FKT39183D2112023RD626
1	1	0	0	0	28321365	0	0	28321365	0	0	29215	/receipt/replace/FKT343916D4112023RD835
1	1	0	0	0	28318095	0	0	28318095	0	0	64	/.well-known/acme-challenge/21UXE8ORBKS0KBCRN2YUYK3UR1X54T7S
1	8	0	0	0	28318441	0	0	28318195	0	0	19960	/receipt/FKT33552D3112023RD251
1	1	0	0	0	28315930	0	0	28315930	0	0	64	/.well-known/acme-challenge/6TTSGLJMD6IJ_SEN31GQOJ5G5Z4MCDJJ?203.119.9.50
1	0	0	1	0	0	28316964	0	0	28316964	0	0	/admin/
1	0	0	1	0	0	28319047	0	0	28319047	0	0	/.env
1	2	0	0	0	28317103	0	0	28317101	0	0	5008	/receipt/FKT19418D2112023RD297
1	0	0	1	0	0	28317083	0	0	28317083	0	0	/admin/reset-pasword-user/1
1	1	0	0	0	28317732	0	0	28317732	0	0	64	/.well-known/acme-challenge/SU4JZDNIQLWQM_BLLLF0TSMD9IWICMTN
1	1	0	0	0	28315748	0	0	28315748	0	0	64	/.well-known/acme-challenge/9K-M2151TU6T8ZXQFJBRC4ICKJZZT-XC
1	0	0	0	1	0	0	28316076	0	0	28316076	0	/receipt/download/FKT473710D1112023RD145?zarsrc=1303&utm_source=zalo&utm_medium=zalo&utm_campaign=zalo
1	1	0	0	0	28321154	0	0	28321154	0	0	64	/.well-known/acme-challenge/-7TT40FW76OK4385UW90PE0092XJZXSB
1	1	0	0	0	28315777	0	0	28315777	0	0	8855	/receipt/replace/FKT273510D1112023RD453
1	1	0	0	0	28314492	0	0	28314492	0	0	64	/.well-known/acme-challenge/SBPIW12291B9GMK_EBDVCHS06VDW-RVY
1	5	0	0	0	28321321	0	0	28317125	0	0	12665	/receipt/FKT3559D2112023RD859
1	4	0	0	0	28317477	0	0	28317128	0	0	10144	/receipt/FKT2589D2112023RD199
1	2	0	0	0	28317148	0	0	28317145	0	0	17490	/receipt/adjust/FKT29259D2112023RD256
1	25	0	1	0	28318436	28316946	0	28315779	28316946	0	241831	/admin/user
1	0	0	0	1	0	0	28317129	0	0	28317129	0	/receipt/download/FKT2589D2112023RD199?UID=2
1	1	0	0	0	28317478	0	0	28317478	0	0	2533	/receipt/FKT515814D2112023RD216
1	2	0	0	0	28317133	0	0	28317129	0	0	110	/receipt/download/FKT2589D2112023RD199?UID=1
1	1	0	0	0	28321333	0	0	28321333	0	0	29253	/receipt/replace/FKT3559D2112023RD859
1	1	0	0	0	28319171	0	0	28319171	0	0	64	/.well-known/acme-challenge/D14F826SFPBWK1YGZV_CCZ09_I294LAK
1	1	0	0	0	28320609	0	0	28320609	0	0	64	/.well-known/acme-challenge/DLVQPUBEJC649E1F26M8RYS-P541-EWY
1	1	0	0	0	28315210	0	0	28315210	0	0	64	/.well-known/acme-challenge/XEBCDBDGX497MLSFUZVCN50VSORT6AU-
1	0	0	0	1	0	0	28316631	0	0	28316631	0	/receipt/download/FKT473710D1112023RD145
1	98	0	52	28	28321320	28321320	28315766	28314459	28315559	28314462	135014	/login
1	0	0	1	0	0	28315574	0	0	28315574	0	0	/receipt/download/FKT49137D1112023RD901?zarsrc=1303&utm_source=zalo&utm_medium=zalo&utm_campaign=zalo
1	9	0	0	0	28318436	0	0	28315790	0	0	1668459	/images/531880.jpg
1	2	0	0	0	28316632	0	0	28316632	0	0	72200	/receipt/lookup/FKT473710D1112023RD145?UID=1
1	1	0	0	0	28315930	0	0	28315930	0	0	64	/.well-known/acme-challenge/R8Z2SWS_JRZB66XQ-RVZ4EPAAD0MP4-Y
1	1	0	0	0	28318273	0	0	28318273	0	0	64	/.well-known/acme-challenge/IQW6JOAVEQA4QL8DHTUT3G47MTQAOA6D
1	1	0	0	0	28321365	0	0	28321365	0	0	38	/receipt/download/FKT343916D4112023RD835
1	1	0	0	0	28321365	0	0	28321365	0	0	45936	/receipt/download/FKT343916D4112023RD835?UID=17
1	1	0	0	0	28317010	0	0	28317010	0	0	64	/.well-known/acme-challenge/H5TI7DOIBAB9V8GCW7QOG22R1NJPXRWN
1	1	0	0	0	28317111	0	0	28317111	0	0	2535	/receipt/FKT1518D2112023RD737
1	2	0	0	0	28316777	0	0	28316777	0	0	4906	/receipt/FKT30173D2112023RD909
1	92	0	15	2	28321367	28318436	28315692	28315573	28315779	28315680	1225041	/receipt
1	1	0	0	0	28316468	0	0	28316468	0	0	64	/.well-known/acme-challenge/XV6D6BLVBBF99KJR05SRPZ_2RB2I3QW7
1	1	0	0	0	28319349	0	0	28319349	0	0	64	/.well-known/acme-challenge/VRA10N03YC2Z74ESN0IO9WGI4F4EBXFL
1	1	0	0	0	28315027	0	0	28315027	0	0	64	/.well-known/acme-challenge/W2JML1V54EC3ZDOIEA_9KUBGLCLXW-YN
1	32	0	0	0	28321320	0	0	28315559	0	0	0	/js/extends.js
1	1	0	0	0	28317135	0	0	28317135	0	0	38	/receipt/lookup/FKT2589D2112023RD199
1	41	0	0	0	28321320	0	0	28314459	0	0	86322	/css/tabler-vendors.min.css
1	81	0	29	6	28321367	28320459	28320458	28315573	28315573	28316710	971901	/receipt/create
1	1	0	0	0	28316829	0	0	28316829	0	0	64	/.well-known/acme-challenge/BHUFRKBM-08E27VKFIC5QIW_SZ437E5N
1	2	0	0	0	28318441	0	0	28318440	0	0	110	/receipt/download/FKT33552D3112023RD251?UID=17
1	3	0	0	0	28316749	0	0	28316749	0	0	119220	/receipt/download/FKT35472D2112023RD513?UID=1&zarsrc=1303&utm_source=zalo&utm_medium=zalo&utm_campaign=zalo
1	1	0	0	0	28317148	0	0	28317148	0	0	2604	/receipt/FKT42289D2112023RD597
1	1	0	0	0	28318197	0	0	28318197	0	0	8697	/receipt/replace/FKT33552D3112023RD251
1	0	0	1	0	0	28316947	0	0	28316947	0	0	/admin/user/create
1	1	0	0	0	28317102	0	0	28317102	0	0	9006	/receipt/replace/FKT19418D2112023RD297
1	0	0	0	2	0	0	28315785	0	0	28315785	0	/pexels-stephan-seeber-1261728.jpg
1	1	0	0	0	28317908	0	0	28317908	0	0	64	/.well-known/acme-challenge/YI0S8YISFSYXDWAO686C_FLMCZKMCRAR
1	1	0	0	0	28316748	0	0	28316748	0	0	38	/receipt/download/FKT35472D2112023RD513?uid=1
1	0	0	1	0	0	28316958	0	0	28316958	0	0	/admin/reset-pasword-user/14
1	0	0	0	2	0	0	28315789	0	0	28315789	0	/images/pexels-stephan-seeber-1261728.jpg
1	0	0	1	1	0	28320572	28320572	0	28320572	28320572	0	/wp-content/plugins/essential-addons-for-elementor-lite/readme.txt
1	1	0	0	0	28316747	0	0	28316747	0	0	2472	/receipt/FKT10472D2112023RD507
1	6	0	0	0	28318496	0	0	28317201	0	0	244272	/receipt/download/FKT3559D2112023RD859?UID=17
1	32	0	0	0	28321320	0	0	28315559	0	0	375538	/js/tabler.min.js
1	0	0	0	1	0	0	28316953	0	0	28316953	0	/login/1
1	34	0	1	0	28318437	28317078	0	28316697	28317078	0	311060	/profile
1	0	0	1	1	0	28320686	28320686	0	28320686	28320686	0	/wp-content/plugins/fix/up.php
1	1	0	0	0	28317136	0	0	28317136	0	0	38	/receipt/lookup/FKT2589D2112023RD199?UID=117
1	1	0	0	0	28314492	0	0	28314492	0	0	64	/.well-known/acme-challenge/J7TMN66J8MYNY0D3NCGJ4TZE5811DU5P
1	0	0	0	1	0	0	28320459	0	0	28320459	0	/url("https://rsms.me
1	1	0	0	0	28315748	0	0	28315748	0	0	64	/.well-known/acme-challenge/OAFYLT61YGYBYFRWR-Q4M6M1LEV9IVDD
1	32	0	0	0	28321320	0	0	28315559	0	0	377892	/libs/jsvectormap/dist/maps/world.js
1	2	0	0	0	28316993	0	0	28316975	0	0	5136	/receipt/FKT59183D2112023RD930
1	29	0	0	0	28321320	0	0	28315559	0	0	2643	/css/extends.css
1	1	0	0	0	28316747	0	0	28316747	0	0	8614	/receipt/adjust/FKT35472D2112023RD513
1	1	0	0	0	28320269	0	0	28320269	0	0	64	/.well-known/acme-challenge/3MJGSML22KWYS6AONZELA8NI8W670V2G?52.167.144.57
1	1	0	0	0	28317375	0	0	28317375	0	0	64	/.well-known/acme-challenge/F4MOYGZRH9BDUHPVB81Q9UFPM7V-E0RY
1	1	0	0	0	28315392	0	0	28315392	0	0	64	/.well-known/acme-challenge/BTFNSBBG5NEAANYH5G8EGXWFIODQN--P
1	3	0	0	0	28316989	0	0	28316778	0	0	7428	/receipt/FKT39183D2112023RD626
1	1	0	0	0	28316777	0	0	28316777	0	0	8609	/receipt/replace/FKT30173D2112023RD909
1	1	0	0	0	28321512	0	0	28321512	0	0	64	/.well-known/acme-challenge/UJDWGH6VQ11JWVT1VIJ10HZU-PKICXBD
1	3	0	0	0	28315671	0	0	28315573	0	0	7389	/receipt/FKT49137D1112023RD901
1	1	0	0	0	28318511	0	0	28318511	0	0	29281	/receipt/adjust/FKT5578D3112023RD831
1	2	0	0	0	28316986	0	0	28316984	0	0	72292	/receipt/lookup/FKT35472D2112023RD513?UID=1
1	1	0	0	0	28318095	0	0	28318095	0	0	64	/.well-known/acme-challenge/XR60SFB_L5PC9TKYNC-RI224EG3FUOMB
1	32	0	0	0	28321320	0	0	28315559	0	0	385064	/libs/jsvectormap/dist/maps/world-merc.js
1	1	0	0	0	28320075	0	0	28320075	0	0	64	/.well-known/acme-challenge/IWBMO80L9XPEXBW3FDIBLT70VNROFI5V
1	4	0	0	0	28316994	0	0	28316975	0	0	34928	/receipt/adjust/FKT3426D2112023RD377
1	32	0	0	0	28321320	0	0	28315559	0	0	3958	/js/demo-theme.min.js
1	41	0	0	0	28321320	0	0	28314459	0	0	19587	/css/tabler-flags.min.css
1	4	0	0	0	28316631	0	0	28315778	0	0	10324	/receipt/FKT473710D1112023RD145
1	1	0	0	0	28318650	0	0	28318650	0	0	64	/.well-known/acme-challenge/T1519HF5PUKK46X5MR59JA_FY94WS092
1	14	0	6	0	28321367	28321321	0	28315774	28315606	0	247312	/receipt/search
1	1	0	0	0	28317135	0	0	28317135	0	0	38	/receipt/lookup/FKT2589D2112023RD199?UID=2
1	1	0	0	0	28320788	0	0	28320788	0	0	64	/.well-known/acme-challenge/R7LHMZOK-X94HZ5ZK5E47J_N7V9O_XPD
1	1	0	0	0	28317136	0	0	28317136	0	0	55	/receipt/lookup/FKT2589D2112023RD199?UID=1
1	4	0	0	0	28317167	0	0	28317145	0	0	10092	/receipt/FKT29259D2112023RD256
1	1	0	0	0	28314680	0	0	28314680	0	0	64	/.well-known/acme-challenge/9NWB6I89J50PLSN288Z-YVSUTKY-7JRA
1	1	0	0	0	28319171	0	0	28319171	0	0	64	/.well-known/acme-challenge/EW86A4F8IKL5EWFSILH34YMNU-1FC7K6
1	5	0	0	0	28321367	0	0	28320459	0	0	12440	/receipt/FKT343916D4112023RD835
1	1	0	0	0	28319349	0	0	28319349	0	0	64	/.well-known/acme-challenge/2SXBRTGS6OPVMS9S5XA7R0SXFCOOJQJ5
1	1	0	0	0	28316710	0	0	28316710	0	0	2447	/receipt/FKT44102D2112023RD414
1	1	0	0	0	28314849	0	0	28314849	0	0	64	/.well-known/acme-challenge/FFYF6XRX1B88WA9-JAEAYBRFHCT0AZ-_
1	1	0	0	0	28317010	0	0	28317010	0	0	64	/.well-known/acme-challenge/BTAVDNXDJR50MA-GMU1OQMYXSZ3MOFAJ
1	41	0	2	0	28318436	28316957	0	28315774	28316946	0	379928	/admin
1	1	0	0	0	28319536	0	0	28319536	0	0	64	/.well-known/acme-challenge/9P7AKP0VW1EK3HBCAPQKPE8QEQNULLAP
1	0	0	1	0	0	28318533	0	0	28318533	0	0	/receipt/url("https://rsms.me/
1	12	0	2	0	28320546	28319186	0	28315719	28318137	0	288	/robots.txt
1	8	0	0	0	28315574	0	0	28314459	0	0	0	/favicon.ico
1	1	0	0	0	28317136	0	0	28317136	0	0	38997	/receipt/lookup/FKT2589D2112023RD199?UID=17
1	1	0	0	0	28317142	0	0	28317142	0	0	8762	/receipt/adjust/FKT13219D2112023RD555
1	1	0	0	0	28316468	0	0	28316468	0	0	64	/.well-known/acme-challenge/4MA97QKPKX_WGXQ7OP_574HSS9OZB3G6
1	1	0	0	0	28320970	0	0	28320970	0	0	64	/.well-known/acme-challenge/RE6_GJZ-N-CG8EW_GTJUM0B78L50COK3
1	0	0	1	0	0	28320459	0	0	28320459	0	0	/url("https://rsms.me/
1	1	0	0	0	28320609	0	0	28320609	0	0	64	/.well-known/acme-challenge/127-M57ZBMCLC2M_7B6NQAAAXVK5_1HC
1	1	0	0	0	28318273	0	0	28318273	0	0	64	/.well-known/acme-challenge/G0PT74M4M668W6YUSXH0ICU90IDAI96M
1	41	0	0	0	28321320	0	0	28314459	0	0	1166704	/css/tabler.min.css
1	0	0	0	1	0	0	28316964	0	0	28316964	0	/admin/userl
1	1	0	0	0	28321332	0	0	28321332	0	0	64	/.well-known/acme-challenge/PQ2FZJ-V1DFHZWYTNQV_-C6WU0SN92DC
1	4	0	0	0	28315777	0	0	28315775	0	0	9896	/receipt/FKT273510D1112023RD453
1	1	0	0	0	28316779	0	0	28316779	0	0	8599	/receipt/replace/FKT39183D2112023RD626
1	1	0	0	0	28317732	0	0	28317732	0	0	64	/.well-known/acme-challenge/08S34Q15MXTNYMFG6_CP5QFGPCVXTQ8O
1	1	0	0	0	28321154	0	0	28321154	0	0	64	/.well-known/acme-challenge/8GC0W6NPMUE5YC_-__H0-N4LGM5ND6DS
1	0	0	28	0	0	28318499	0	0	28315570	0	0	/logout
1	1	0	0	0	28318438	0	0	28318438	0	0	55	/receipt/download/FKT33552D3112023RD251?UID=17&zarsrc=1303&utm_source=zalo&utm_medium=zalo&utm_campaign=zalo
1	1	0	0	0	28319005	0	0	28319005	0	0	64	/.well-known/acme-challenge/1S5FXOYGT8RA9M5J168TC7EBOZJ5LF1N
1	1	0	0	0	28316109	0	0	28316109	0	0	64	/.well-known/acme-challenge/-S022NWX57E5QCBL9HF-CG_AKL-ECR7I
1	1	0	0	0	28317142	0	0	28317142	0	0	2587	/receipt/FKT52229D2112023RD686
1	1	0	0	0	28320075	0	0	28320075	0	0	64	/.well-known/acme-challenge/3ZFRKWWN_3FD7YPRHT31LUAP531P5ZAC
1	1	0	0	0	28315572	0	0	28315572	0	0	64	/.well-known/acme-challenge/6Z5WOBIT8YSTZFK8E5E0J1XMV8QK6UYE
1	0	0	1	0	0	28319047	0	0	28319047	0	0	/sendgrid/.env
1	1	0	0	0	28315210	0	0	28315210	0	0	64	/.well-known/acme-challenge/ZZR7NY-492A8W5M5GQ-UKQZNYMII-0LW
1	1	0	0	0	28316829	0	0	28316829	0	0	64	/.well-known/acme-challenge/T9N82RS1Y8GJYOI1STQ-KWK827VRQZN1
1	2	0	0	0	28316774	0	0	28316772	0	0	4904	/receipt/FKT59113D2112023RD938
1	1	0	0	0	28315777	0	0	28315777	0	0	8895	/receipt/adjust/FKT273510D1112023RD453
1	3	0	0	0	28318511	0	0	28318508	0	0	7563	/receipt/FKT5578D3112023RD831
1	1	0	0	0	28320437	0	0	28320437	0	0	64	/.well-known/acme-challenge/KS-ZHAQ9E5Z8_CWXJD24ZITAPNZ91T9B
1	1	0	0	0	28316748	0	0	28316748	0	0	39740	/receipt/download/FKT35472D2112023RD513?UID=1
1	0	0	0	1	0	0	28318533	0	0	28318533	0	/receipt/url("https://rsms.me
1	0	0	3	0	0	28317084	0	0	28316988	0	0	/admin/unlock-user/1
1	1	0	0	0	28317375	0	0	28317375	0	0	64	/.well-known/acme-challenge/_PR9A8G3P42Q63MW1MALRM4UOCMHH_BK
1	0	0	1	1	0	28319187	28319187	0	28319187	28319187	0	/ads.txt
1	1	0	0	0	28318439	0	0	28318439	0	0	46191	/receipt/download/FKT37572D3112023RD459?UID=17
1	8	0	0	0	28316998	0	0	28316942	0	0	19656	/receipt/FKT3426D2112023RD377
1	2	0	0	0	28316748	0	0	28316747	0	0	5122	/receipt/FKT35472D2112023RD513
1	1	0	0	0	28316109	0	0	28316109	0	0	64	/.well-known/acme-challenge/-YS0_79VBVPSJP6A4KG8LO4KS2X4XOFY
1	1	0	0	0	28319005	0	0	28319005	0	0	64	/.well-known/acme-challenge/AN3MJ3W_K6O7L7R4261HXB87XCOPT6HI
1	1	0	0	0	28319901	0	0	28319901	0	0	64	/.well-known/acme-challenge/E8YXZ7XBHBA017G5Y2F55A6CTBOYDD76
1	0	0	4	0	0	28318197	0	0	28315777	0	0	/receipt/replace
1	4	0	0	0	28316978	0	0	28316978	0	0	154416	/receipt/download/FKT3426D2112023RD377?UID=1&zarsrc=1303&utm_source=zalo&utm_medium=zalo&utm_campaign=zalo
1	16	16	46	36	28317478	28321609	28315773	28315576	28314459	28315692	115417	/
1	32	0	0	0	28321320	0	0	28315559	0	0	1277686	/libs/apexcharts/dist/apexcharts.min.js
1	1	0	0	0	28321512	0	0	28321512	0	0	64	/.well-known/acme-challenge/DRQF-MDUX4XVM-PCXTF535B4RWI9-207
1	3	0	0	0	28316992	0	0	28316779	0	0	7695	/receipt/FKT17193D2112023RD784
1	1	0	0	0	28317102	0	0	28317102	0	0	39185	/receipt/download/FKT19418D2112023RD297?UID=1
1	1	0	0	0	28320788	0	0	28320788	0	0	64	/.well-known/acme-challenge/V6VWRLAVZ5EZM5FEJNM_RJN1DJWTRHMB
1	2	0	0	0	28318197	0	0	28318196	0	0	17484	/receipt/adjust/FKT33552D3112023RD251
1	0	0	8	1	0	28318197	28316778	0	28315777	28316778	0	/receipt/adjust
1	2	0	0	0	28317134	0	0	28317130	0	0	119996	/receipt/download/FKT2589D2112023RD199?UID=17
1	1	0	0	0	28320970	0	0	28320970	0	0	64	/.well-known/acme-challenge/ZV5-UM6_B6YAGYSPGOH0X_6XGH1FLVJ1
1	1	0	0	0	28317553	0	0	28317553	0	0	64	/.well-known/acme-challenge/EODSFWBS3GGV_PR-3XQME_OJO3UHT0_Q
1	1	0	0	0	28314849	0	0	28314849	0	0	64	/.well-known/acme-challenge/9J8E1W2G84C48337FGD1EF77-MWNLOEW
1	0	0	1	1	0	28319187	28319187	0	28319187	28319187	0	/humans.txt
1	1	0	0	0	28317191	0	0	28317191	0	0	64	/.well-known/acme-challenge/J9H_5AKCAN-LDOOOI30YE4OK4ZP0UGCU
1	1	0	0	0	28315027	0	0	28315027	0	0	64	/.well-known/acme-challenge/FDYM6X_KQ3A2P875SE6EEESN464ERPJ1
1	1	0	0	0	28321332	0	0	28321332	0	0	64	/.well-known/acme-challenge/6K4IZI05ANYL_-P3S5G0ZWS4GD9ON3RZ
1	1	0	0	0	28317109	0	0	28317109	0	0	2512	/receipt/FKT32498D2112023RD682
1	41	0	0	0	28321320	0	0	28314459	0	0	20436	/css/demo.min.css
1	16	0	6	1	28319998	28317112	28316728	28315791	28316728	28316728	22193	/register
1	0	0	0	1	0	0	28316946	0	0	28316946	0	/admin/receipt
1	1	0	0	0	28316651	0	0	28316651	0	0	64	/.well-known/acme-challenge/Z54EGK27NC-5QRB0WMH2GV94SEFJSF9V
1	1	0	0	0	28319536	0	0	28319536	0	0	64	/.well-known/acme-challenge/5VUMQ0MDR-0FNUNKJS5EMDG7KS1UP15J
1	1	0	0	0	28315392	0	0	28315392	0	0	64	/.well-known/acme-challenge/828DA98HXIO57FWSWBXF5MRUBEKRW1XH
1	1	0	0	0	28318470	0	0	28318470	0	0	64	/.well-known/acme-challenge/C44NE0XIAVQ-KBXU9IGU15YNNZJYXXGY
1	2	0	0	0	28317142	0	0	28317141	0	0	5040	/receipt/FKT13219D2112023RD555
1	1	0	0	0	28316778	0	0	28316778	0	0	2572	/receipt/FKT49173D2112023RD681
1	1	0	0	0	28316780	0	0	28316780	0	0	39599	/receipt/download/FKT17193D2112023RD784?UID=1
1	46	0	30	0	28321320	28318436	0	28315559	28315559	0	468939	/home
1	39	0	13	0	28320458	28320458	0	28315576	28316630	0	468178	/fee
1	1	0	0	0	28317387	0	0	28317387	0	0	24	/robots.txt?171.235.197.210
1	1	0	0	0	28317191	0	0	28317191	0	0	64	/.well-known/acme-challenge/AB2J8_0BJ54MG6E4J6EHI455300ED5NV
1	1	0	0	0	28318470	0	0	28318470	0	0	64	/.well-known/acme-challenge/DBEQ1VNK9RETO9UZDU5UJU959VBCZF-V
1	3	0	0	0	28317478	0	0	28317236	0	0	7581	/receipt/FKT135610D2112023RD711
1	1	0	0	0	28319901	0	0	28319901	0	0	64	/.well-known/acme-challenge/WHDLF5L84IEC74AV-BTEGNK51KDXY99W
1	2	0	0	0	28317133	0	0	28317129	0	0	17500	/receipt/adjust/FKT2589D2112023RD199
1	0	0	11	0	0	28317237	0	0	28316710	0	0	/user/update
1	0	0	0	1	0	0	28316748	0	0	28316748	0	/download/adjust/FKT35472D2112023RD513?uid=1
1	1	0	0	0	28316777	0	0	28316777	0	0	8656	/receipt/adjust/FKT30173D2112023RD909
1	4	0	0	0	28316612	0	0	28316611	0	0	159564	/receipt/download/FKT473710D1112023RD145?UID=1&zarsrc=1303&utm_source=zalo&utm_medium=zalo&utm_campaign=zalo
1	1	0	0	0	28316651	0	0	28316651	0	0	64	/.well-known/acme-challenge/ED7RD0K5832PYFTZCQ72Y8IZP2HH4U6Q
1	0	0	1	0	0	28316720	0	0	28316720	0	0	/admin/lock-user/6
3	1	0	1	0	28317142	28317142	0	28317142	28317142	0	8764	https://vienthongcantho.com.vn/receipt/adjust/FKT13219D2112023RD555
3	1	0	1	0	28316779	28316779	0	28316779	28316779	0	8689	https://vienthongcantho.com.vn/receipt/replace/FKT39183D2112023RD626
3	1	1	0	5	28316712	0	28315730	28316712	0	28315719	8375	https://nethost-5411.000nethost.com:2083/
3	1	0	1	0	28315777	28315777	0	28315777	28315777	0	8917	https://vienthongcantho.com.vn/receipt/replace/FKT273510D1112023RD453
3	1	0	1	1	28316779	28316778	28316778	28316779	28316778	28316778	8669	https://vienthongcantho.com.vn/receipt/adjust/FKT39183D2112023RD626
3	2	0	1	0	28316974	28316964	0	28316964	28316964	0	16606	https://vienthongcantho.com.vn/admin/userl
3	168	0	10	0	28321320	28318499	0	28315559	28316728	0	1086558	https://vienthongcantho.com.vn/home
3	1	0	1	0	28316777	28316777	0	28316777	28316777	0	8689	https://vienthongcantho.com.vn/receipt/replace/FKT30173D2112023RD909
3	38	0	1	0	28319187	28320929	0	28315582	28320929	0	109581	https://vienthongcantho.com.vn/
3	25	0	1	0	28315570	28315570	0	28315559	28315570	0	743854	http://vienthongcantho.com.vn/home
3	178	6	10	3	28321367	28321321	28320459	28315573	28315606	28315680	1396563	https://vienthongcantho.com.vn/receipt
3	1	0	1	0	28315777	28315777	0	28315777	28315777	0	8924	https://vienthongcantho.com.vn/receipt/adjust/FKT273510D1112023RD453
3	0	0	0	1	0	0	28319187	0	0	28319187	0	http://vienthongcantho.com.vn/ads.txt
3	207	0	60	12	28321320	28321320	28315789	28314519	28315559	28314519	2789908	https://vienthongcantho.com.vn/login
3	27	0	2	0	28321367	28318498	0	28315774	28316750	0	222638	https://vienthongcantho.com.vn/receipt/search
3	88	1	14	0	28320459	28320458	0	28315576	28316741	0	447630	https://vienthongcantho.com.vn/fee
3	1	0	1	0	28316778	28316778	0	28316778	28316778	0	8651	https://vienthongcantho.com.vn/receipt/adjust/FKT30173D2112023RD909
3	1	0	1	0	28317148	28317148	0	28317148	28317148	0	10518	https://vienthongcantho.com.vn/receipt/adjust/FKT29259D2112023RD256
3	1	0	0	0	28315555	0	0	28315555	0	0	0	http://vienthongcantho.com.vn/phpinfo.php
3	1	0	0	0	28317201	0	0	28317201	0	0	59996	android-app://com.google.android.googlequicksearchbox/
3	1	0	0	0	28321365	0	0	28321365	0	0	30010	https://vienthongcantho.com.vn/receipt/replace/FKT3559D2112023RD859
3	1	0	0	0	28319186	0	0	28319186	0	0	24	http://vienthongcantho.com.vn/robots.txt
3	7	0	0	0	28317133	0	0	28317133	0	0	0	https://vienthongcantho.com.vn/receipt/adjust/FKT2589D2112023RD199
3	0	0	0	1	0	0	28319187	0	0	28319187	0	http://vienthongcantho.com.vn/humans.txt
3	85	0	23	7	28321367	28320459	28320458	28315573	28315573	28316710	997864	https://vienthongcantho.com.vn/receipt/create
3	17	0	6	1	28317112	28317112	28316728	28316728	28316728	28316728	320424	https://vienthongcantho.com.vn/register
3	1	0	0	0	28317237	0	0	28317237	0	0	8498	https://vienthongcantho.com.vn/receipt/adjust/FKT135610D2112023RD711
3	3	0	2	0	28316630	28316630	0	28314519	28315559	0	3602	https://www.google.com/
3	28	0	23	0	28317143	28317084	0	28315779	28315779	0	161207	https://vienthongcantho.com.vn/admin/user
3	2	0	1	0	28316986	28316986	0	28316977	28316986	0	11854	https://vienthongcantho.com.vn/receipt/adjust/FKT3426D2112023RD377
3	1	0	1	0	28318197	28318197	0	28318197	28318197	0	10270	https://vienthongcantho.com.vn/receipt/replace/FKT33552D3112023RD251
3	1	0	0	0	28314460	0	0	28314460	0	0	0	https://vienthongcantho.com.vn/phpinfo.php
3	64	0	32	0	28318436	28318436	0	28315774	28315774	0	831121	https://vienthongcantho.com.vn/admin
3	36	1	15	0	28317238	28317237	0	28316710	28316710	0	231255	https://vienthongcantho.com.vn/profile
3	1	0	0	0	28317103	0	0	28317103	0	0	10972	https://vienthongcantho.com.vn/receipt/replace/FKT19418D2112023RD297
3	1	0	1	0	28316747	28316747	0	28316747	28316747	0	8592	https://vienthongcantho.com.vn/receipt/adjust/FKT10472D2112023RD507
3	29	0	3	20	28315570	28315568	28315559	28314459	28315559	28314462	304195	http://vienthongcantho.com.vn/login
3	0	0	2	0	0	28320929	0	0	28319187	0	0	http://vienthongcantho.com.vn/
3	1	0	0	0	28321366	0	0	28321366	0	0	30010	https://vienthongcantho.com.vn/receipt/replace/FKT343916D4112023RD835
3	2	0	2	0	28318197	28318197	0	28318197	28318197	0	20366	https://vienthongcantho.com.vn/receipt/adjust/FKT33552D3112023RD251
4	2	0	0	0	28317148	0	0	28317139	0	0	119992	Mozilla/5.0 (iPhone; CPU iPhone OS 16_6_1 like Mac OS X) AppleWebKit/605.1.15 (KHTML, like Gecko) Mobile/15E148 Zalo iOS/564 ZaloTheme/dark ZaloLanguage/vn
4	15	0	1	1	28318446	28315574	28316076	28315574	28315574	28316076	408415	Mozilla/5.0 (Linux; Android 12; M2102J20SG Build/SKQ1.211006.001;) AppleWebKit/537.36 (KHTML, like Gecko) Version/4.0 Chrome/118.0.0.0 Mobile Safari/537.36 Zalo android/12100713 ZaloTheme/light ZaloLanguage/vi
4	23	0	2	6	28315560	28315560	28315740	28315560	28315560	28315736	590846	Mozilla/5.0 (Windows NT 10.0; Win64; x64; rv:109.0) Gecko/20100101 Firefox/119.0
4	101	0	5	5	28318496	28317166	28315766	28314519	28314519	28314519	762310	Mozilla/5.0 (Linux; Android 10; K) AppleWebKit/537.36 (KHTML, like Gecko) Chrome/118.0.0.0 Mobile Safari/537.36
4	0	0	4	0	0	28319047	0	0	28319047	0	0	Mozilla/5.0 (X11; Linux x86_64) AppleWebKit/537.36 (KHTML, like Gecko) Chrome/81.0.4044.129 Safari/537.36
4	1	0	2	0	28320929	28320929	0	28320929	28320929	0	5228	Mozilla/5.0 (Windows NT 10.0; Win64; x64) AppleWebKit/537.36 (KHTML, like Gecko) Chrome/103.0.0.0 Safari/537.36 OpenWave/97.4.2043.44
4	0	0	1	0	0	28317549	0	0	28317549	0	0	SuperBot/4.4.0.60 (Windows XP)
4	1	0	0	0	28318511	0	0	28318511	0	0	46069	Dalvik/2.1.0 (Linux; U; Android 10; SM-A750GN Build/QP1A.190711.020)
4	0	0	1	0	0	28318137	0	0	28318137	0	0	Mozilla/5.0 (Windows NT 10.0; Win64; x64) AppleWebKit/537.36 (KHTML, like Gecko) Chrome/96.0.4664.55 Safari/537.36 Edge/96.0.1054.34
4	924	16	231	62	28321367	28321321	28320459	28314459	28314459	28314462	9334858	Mozilla/5.0 (Windows NT 10.0; Win64; x64) AppleWebKit/537.36 (KHTML, like Gecko) Chrome/118.0.0.0 Safari/537.36
4	32	0	4	1	28316632	28316631	28316631	28316034	28316034	28316631	371601	Mozilla/5.0 (X11; Linux x86_64) AppleWebKit/537.36 (KHTML, like Gecko) Chrome/118.0.0.0 Safari/537.36
4	4	0	1	0	28316630	28316630	0	28316630	28316630	0	9545	Mozilla/5.0 (Linux; Android 10; K) AppleWebKit/537.36 (KHTML, like Gecko) Chrome/110.0.0.0 Mobile Safari/537.36
4	6	0	1	0	28315559	28315559	0	28315559	28315559	0	77997	Mozilla/5.0 (Windows NT 10.0; Win64; x64) AppleWebKit/537.36 (KHTML, like Gecko) Chrome/117.0.0.0 Safari/537.36
4	0	0	1	1	0	28320572	28320572	0	28320572	28320572	0	Mozilla/6.4 (Windows NT 11.1) Gecko/2010102 Firefox/99.0
4	7	0	3	0	28319998	28318137	0	28318137	28318137	0	6407	Mozilla/5.0 AppleWebKit/537.36 (KHTML, like Gecko; compatible; bingbot/2.0; +http://www.bing.com/bingbot.htm) Chrome/103.0.5060.134 Safari/537.36
4	1	0	0	0	28318511	0	0	28318511	0	0	46069	Mozilla/5.0 (Linux; Android 10; SM-A750GN Build/QP1A.190711.020;) AppleWebKit/537.36 (KHTML, like Gecko) Version/4.0 Chrome/108.0.5359.128 Mobile Safari/537.36 Zalo android/12100701 ZaloTheme/light ZaloLanguage/vi
4	23	0	2	18	28315730	28315559	28315730	28315551	28315551	28315551	343860	Mozilla/5.0 (Windows NT 10.0; Win64; x64) AppleWebKit/537.36 (KHTML, like Gecko) Chrome/118.0.0.0 Safari/537.36 Edg/118.0.2088.76
4	1	0	1	0	28315099	28315099	0	28315099	28315099	0	4918	Mozilla/5.0 (Windows NT 10.0; Win64; x64; rv:56.0) Gecko/20100101 Firefox/56.0
4	0	0	1	0	0	28321609	0	0	28321609	0	0	Mozilla/5.0 (X11; Linux x86_64) AppleWebKit/537.36 (KHTML, like Gecko) Chrome/83.0.4103.97 Safari/537.36
4	0	0	1	1	0	28317735	28317735	0	28317735	28317735	0	Mozilla/5.0 (Windows NT 10.0; Win64; x64) AppleWebKit/537.36 (KHTML, like Gecko) Chrome/109.0.0.0 Safari/537.36
4	0	0	4	0	0	28320329	0	0	28317394	0	0	Mozilla/5.0 (X11; Linux x86_64) AppleWebKit/537.36 (KHTML, like Gecko) Chrome/108.0.0.0 Safari/537.36
4	0	0	2	1	0	28320686	28320686	0	28317548	28320686	0	Mozilla/5.0 (Windows NT 10.0; Win64; x64) AppleWebKit/537.36 (KHTML, like Gecko) Chrome/85.0.4183.102 Safari/537.36
4	6	0	0	0	28314519	0	0	28314519	0	0	78000	Mozilla/5.0 (Linux; Android 8.1.0; SAMSUNG SM-G610F) AppleWebKit/537.36 (KHTML, like Gecko) SamsungBrowser/22.0 Chrome/111.0.5563.116 Mobile Safari/537.36
4	1	0	0	0	28317283	0	0	28317283	0	0	24	Mozilla/5.0 (Windows NT 10.0; Win64; x64) AppleWebKit/537.36 (KHTML, like Gecko) Chrome/103.0.5060.134 Safari/537.36
4	1	0	1	0	28320784	28320784	0	28320784	28320784	0	1532	Mozlila/5.0 (Linux; Android 7.0; SM-G892A Bulid/NRD90M; wv) AppleWebKit/537.36 (KHTML, like Gecko) Version/4.0 Chrome/60.0.3112.107 Moblie Safari/537.36
4	5	0	0	0	28318137	0	0	28318137	0	0	76849	Mozilla/5.0 AppleWebKit/537.36 (KHTML, like Gecko; compatible; bingbot/2.0; +http://www.bing.com/bingbot.htm) Chrome/112.0.0.0 Safari/537.36
4	6	0	0	0	28318446	0	0	28316611	0	0	270369	Dalvik/2.1.0 (Linux; U; Android 12; M2102J20SG Build/SKQ1.211006.001)
4	80	0	0	0	28321512	0	0	28314492	0	0	5120	Cpanel-HTTP-Client/1.0
4	0	0	1	0	0	28315576	0	0	28315576	0	0	Mozilla/5.0 (Windows NT 10.0; Win64; x64) AppleWebKit/537.36 (KHTML, like Gecko) Chrome/78.0.3904.108 Safari/537.36
4	2	0	0	0	28320546	0	0	28317387	0	0	48	Mozilla/5.0 (compatible;PetalBot;+https://webmaster.petalsearch.com/site/petalbot)
4	2	0	5	2	28319187	28319187	28319187	28319186	28319186	28319187	1555	Mozilla/5.0 (iPad; CPU OS 6_0 like Mac OS X) AppleWebKit/536.26 (KHTML, like Gecko) Version/6.0 Mobile/10A5355d Safari/8536.25
5	0	0	1	1	0	28320686	28320686	0	28320686	28320686	0	4.210.76.62
5	0	0	1	0	0	28319187	0	0	28319187	0	0	185.12.149.40
5	0	0	1	0	0	28318137	0	0	28318137	0	0	52.167.144.228
5	0	0	1	0	0	28321609	0	0	28321609	0	0	52.12.112.102
5	0	0	1	1	0	28320572	28320572	0	28320572	28320572	0	194.195.212.123
5	1	0	1	0	28320784	28320784	0	28320784	28320784	0	1532	45.94.31.49
5	0	0	1	0	0	28319186	0	0	28319186	0	0	192.36.198.80
5	1	0	0	0	28318137	0	0	28318137	0	0	1535	40.77.167.60
5	20	0	2	1	28316632	28316631	28316631	28316630	28316630	28316631	104333	123.22.250.48
5	6	0	1	0	28315559	28315559	0	28315559	28315559	0	77997	42.117.10.75
5	0	0	0	1	0	0	28319187	0	0	28319187	0	5.133.192.184
5	6	0	0	6	28315730	0	28315730	28315719	0	28315719	144	123.25.21.12
5	17	0	0	0	28321367	0	0	28321365	0	0	388626	113.161.234.66
5	13	0	1	0	28318498	28318498	0	28318446	28318498	0	277725	171.255.114.167
5	7	0	1	3	28315574	28315574	28315766	28315574	28315574	28315766	77995	27.67.40.69
5	0	0	1	0	0	28319187	0	0	28319187	0	0	185.12.150.110
5	0	0	2	0	0	28317549	0	0	28317548	0	0	54.166.209.7
5	0	0	0	1	0	0	28319187	0	0	28319187	0	185.13.99.111
5	1	0	0	0	28318138	0	0	28318138	0	0	1633	52.167.144.205
5	41	0	6	14	28315570	28315570	28315740	28314459	28314459	28314462	642263	118.70.127.171
5	138	1	17	4	28320459	28320459	28320459	28314519	28314519	28314519	618708	125.235.237.230
5	1	0	1	0	28319187	28319187	0	28319187	28319187	0	1531	5.133.192.173
5	0	0	2	0	0	28317394	0	0	28317394	0	0	142.93.176.234
5	1	0	0	0	28318139	0	0	28318139	0	0	1533	40.77.167.35
5	1	0	0	0	28317201	0	0	28317201	0	0	59996	171.235.197.210
5	0	0	1	0	0	28318137	0	0	28318137	0	0	40.77.167.32
5	0	0	4	0	0	28319047	0	0	28319047	0	0	195.238.122.30
5	1	0	1	0	28318137	28318137	0	28318137	28318137	0	24	157.55.39.225
5	6	0	0	0	28314519	0	0	28314519	0	0	78000	27.2.201.5
5	20	0	4	0	28321321	28321321	0	28321320	28321320	0	125552	113.161.234.48
5	0	0	1	0	0	28318137	0	0	28318137	0	0	20.240.18.36
5	203	4	62	11	28318443	28317148	28316979	28315497	28315497	28315497	2412303	113.161.204.222
5	0	0	1	1	0	28317735	28317735	0	28317735	28317735	0	178.208.176.9
5	65	0	6	14	28315560	28315560	28315559	28315551	28315551	28315551	1523599	115.73.218.192
5	209	3	47	9	28318443	28318382	28316957	28315573	28315573	28315531	1635678	113.161.204.221
5	0	0	1	0	0	28319187	0	0	28319187	0	0	185.12.250.104
5	1	0	0	0	28317283	0	0	28317283	0	0	24	138.246.253.24
5	1	0	1	0	28315099	28315099	0	28315099	28315099	0	4918	203.119.9.50
5	5	0	0	0	28318137	0	0	28318137	0	0	76849	40.77.188.182
5	231	7	70	18	28318443	28318436	28317129	28315582	28315606	28315502	2781806	113.161.206.88
5	1	0	0	0	28319998	0	0	28319998	0	0	1634	40.77.167.13
5	25	0	5	1	28318533	28318533	28318533	28318499	28318499	28318533	441210	113.170.98.58
5	4	0	1	0	28316630	28316630	0	28316630	28316630	0	9545	112.197.13.73
5	1	0	0	0	28319186	0	0	28319186	0	0	24	185.12.151.99
5	1	0	0	0	28317387	0	0	28317387	0	0	24	114.119.140.47
5	0	0	1	0	0	28315576	0	0	28315576	0	0	140.82.63.197
5	138	1	24	12	28317238	28317238	28316076	28315774	28315774	28315771	1491636	125.235.237.3
5	0	0	2	0	0	28320329	0	0	28320329	0	0	138.197.153.249
5	80	0	0	0	28321512	0	0	28314492	0	0	5120	103.75.187.23
5	2	0	0	0	28319998	0	0	28318137	0	0	48	52.167.144.57
5	1	0	0	0	28321333	0	0	28321333	0	0	29253	14.241.182.163
5	1	0	2	0	28320929	28320929	0	28320929	28320929	0	5228	146.70.59.169
5	1	0	0	0	28320546	0	0	28320546	0	0	24	114.119.138.100
z	0	325	2	28321320	0
z	1	1	0	28315790	1
z	2	106	0	28321512	6028
z	3	18	0	28318436	6601
z	4	582	14	28321367	3257933
z	5	202	0	28321367	6726556
z	6	17	0	28318436	2880931
c	200	949	28321512
c	206	2	28315790
c	301	21	28320929
c	302	254	28321609
c	304	300	28321320
c	404	17	28320572
c	406	1	28320686
c	499	4	28314462
c	500	76	28320458
